4442
3972
2555
2059
941
3491
402
3742
3679
2723
465
1898
1822
4829
1528
3274
4551
2314
1197
2113
4692
3257
2113
3462
986
3471
1326
2026
4225
3743
4819
916
792
4095
116
399
522
4610
2863
1481
4112
1927
4649
3153
2143
4910
691
3556
1920
2867
2913
4443
4126
2850
1321
4797
543
466
3269
3374
4891
1724
2569
2481
3709
2675
521
2968
282
1293
3714
967
210
2371
2977
2025
332
548
2682
2457
1166
4794
4451
3214
808
1083
3187
2715
3942
1357
2950
4378
1669
1742
1733
1700
3567
4693
4934
1562
2537
1068
1383
907
1949
1825
2374
4816
1281
2533
2030
4503
3082
1011
2541
1974
1348
1538
79
4273
4976
2733
4428
1720
3839
1369
1197
4967
1500
2119
3857
3175
4709
2596
3165
3262
3616
2288
1019
848
2171
2599
2757
4904
279
35
1465
1696
605
641
4796
2915
2920
1160
739
2360
2400
3736
415
565
1315
3881
4527
2555
4645
3712
3978
2606
4835
763
4426
3970
4192
1933
1506
2771
3763
262
4764
2666
2779
1889
1610
545
3215
903
1241
3932
1384
2219
673
4262
3855
3621
2700
2648
2549
4203
3522
3631
3197
4692
4730
1763
4683
4672
414
187
4247
25
3549
685
1894
1764
127
114
3568
3681
2432
4811
3544
2086
677
3794
2553
4416
2924
3515
4951
1310
2163
1857
21
600
69
2647
4786
4296
2698
2959
2030
2812
1865
1074
1954
3369
4555
574
227
4265
3938
1968
4199
354
3748
1579
2636
4076
501
1757
4935
2344
3674
2494
2486
4369
2103
1101
4892
7
1122
624
2720
1382
2548
4710
3365
3276
1188
4290
3923
1930
4925
2050
2103
730
3998
4040
1079
2740
823
2402
4757
764
2056
1323
4553
2336
2501
4091
3991
2530
1466
86
4228
111
2745
3719
2918
1178
1421
2927
4354
127
4497
2882
1169
2124
3363
4474
216
2590
1505
3076
2771
2028
1825
2621
4267
2584
1477
782
2235
3793
3874
448
1138
1224
4947
3876
3089
2674
1270
1985
3673
4284
4461
2765
4218
1465
4472
3738
1765
1796
24
1474
3582
683
1520
981
3756
1980
4799
320
4357
4424
1912
4109
3055
4592
53
125
2195
1030
2674
1516
1147
3935
1844
3758
3764
2385
2506
2533
4076
1351
4075
2845
2859
2145
1112
1352
931
1858
1378
534
1637
1741
3327
1847
4567
4988
3575
4146
55
4377
2862
827
1466
3065
4538
2334
944
2105
1717
1145
570
1899
4802
2210
3419
4966
346
3402
3557
3372
117
4015
1260
3175
1224
2142
1052
3578
2336
1996
1440
2300
1158
4787
341
126
3226
2407
4946
709
163
1139
1819
3446
4696
145
4105
3622
1316
2065
4167
4876
4954
4700
55
2908
2705
4138
1187
2296
513
3033
4200
921
2075
225
4168
2360
331
1241
4045
2014
1825
4512
2620
4313
572
2886
280
958
3163
4449
3971
4812
1537
312
3264
2072
2162
2215
3681
163
4984
1199
591
