1622
3558
4607
3845
3718
4155
2205
4185
4126
1875
4782
4781
1175
2687
3067
2762
3304
3731
271
793
4169
2117
1143
4197
2875
3563
719
2371
3460
3391
2445
4222
4002
2522
51
286
4819
3219
2630
1344
2668
404
2568
651
535
1722
1519
3295
202
4530
4314
3377
1041
4436
4501
252
3006
4847
3509
1425
2246
1284
3631
3009
4501
1374
1764
4185
2152
139
3940
332
614
2915
4291
3299
733
1209
2905
3014
2067
3913
294
4613
1374
1984
391
3343
4777
2129
1103
2623
3047
2641
2194
1562
2828
771
3656
3381
1760
2987
4213
1205
1945
4719
4355
3505
1737
670
4561
2894
4940
3360
1844
4136
4766
1061
2673
3579
4438
1981
3207
1214
3611
2347
242
2952
4299
4488
365
1352
968
4803
1284
762
1866
3520
2537
1944
3003
4814
3694
4658
778
1531
2872
1840
4195
2616
2904
1269
4289
3473
3364
4445
72
938
4670
1929
157
3608
2251
993
4661
2913
4871
166
46
8
4523
3347
219
3225
3108
224
4219
594
4332
2684
2128
2230
4257
550
4980
4107
2801
4026
54
3689
4670
388
1200
1156
461
3915
3840
4501
395
1127
2766
920
3216
4147
2887
1580
2786
4798
4840
332
4558
2766
1283
3580
3650
1594
4439
3051
44
566
1262
2506
518
1045
1398
1467
1758
1776
4017
4982
4429
1408
133
2177
629
2582
1227
737
4349
4530
1465
1590
1960
3957
1659
534
4720
2888
3820
3769
3826
1632
598
4094
4730
786
4743
1924
289
3036
3603
3756
2489
3121
4588
4402
3600
1589
4366
1257
4330
203
3841
4451
188
3626
4611
453
124
1311
1596
4023
2525
1343
222
483
666
276
643
2930
2234
4111
516
458
835
1877
3714
3178
2038
4421
113
2671
2279
4730
2099
1084
2951
2914
2761
2214
3585
1122
869
1730
304
1321
305
1610
2342
3322
4765
1761
3932
1728
834
2826
295
4920
859
3634
3709
1601
2559
4349
3106
4281
1747
4865
2055
524
2713
865
3884
46
4052
4040
615
1299
4158
2201
3203
2416
2724
2709
4754
779
2091
4313
4327
1961
3122
104
3754
2140
3630
2649
1115
4100
4063
754
110
1934
4375
2012
4791
1904
1110
1061
4451
4817
390
4936
2703
1743
4993
2290
4720
2256
4809
3310
378
2389
3321
2417
3199
1421
4669
4676
2178
4039
2433
3068
3739
1825
2738
109
69
926
1787
3584
2497
1185
4401
2510
2552
1793
2636
3028
587
943
4869
2450
4319
3224
2812
803
2886
1478
3591
1774
1413
719
4114
1023
3056
1601
4321
4972
1629
394
544
3934
502
248
4174
2918
3117
4820
3226
1974
4069
48
1734
2666
13
3774
923
2351
4435
4824
2045
1940
3245
2485
4445
1340
812
4702
641
2181
2418
1364
1662
45
2790
285
4651
2104
3311
2002
2938
418
796
1772
2179
3084
529
3853
1071
2622
1717
1075
2747
1193
1195
3676
3018
1671
1284
809
